#Rupee
#vertices 18
#v0      5.0   8.0   0.0
#v1      5.0   4.0   0.0
#v2      3.0   3.0   0.0
#v3      1.0   4.0   0.0
#v4      1.0   8.0   0.0
#v5      3.0  10.0   0.0
#v6      6.0   9.0   1.0
#v7      6.0   2.0   1.0
#v8      3.0   0.0   1.0
#v9      0.0   2.0   1.0
#v10     0.0   9.0   1.0
#v11     3.0  12.0   1.0
#v12     5.0   8.0   2.0
#v13     5.0   4.0   2.0
#v14     3.0   3.0   2.0
#v15     1.0   4.0   2.0
#v16     1.0   8.0   2.0
#v17     3.0  10.0   2.0
#faces 14
#f0 6
    0 1 2 3 4 5
#f1 4
    5 0 6 11
#f2 4
    0 1 7 6
#f3 4
    1 2 8 7
#f4 4
    2 3 9 8
#f5 4
    3 4 10 9
#f6 4
    4 5 11 10
#f7 6
    12 13 14 15 16 17
#f8 4
    17 12 6 11
#f9 4
    12 13 7 6
#f10 4
    13 14 8 7
#f11 4
    14 15 9 8
#f12 4
    15 16 10 9
#f13 4
    16 17 11 10
